0.97: [(1, 2, 0, -1, 0, 2, 1, -1), (0, 2, -2, 0, 0, 2, 0, 0), (2, 0, 2, 0, 0, 2, -2, 1)]
0.96: [(2, 1, 0, 2, 2, 0, -2, 1), (2, -1, -1, -1, 0, 2, -1, -2), (2, 2, -2, 0, 1, 1, -1, -2), (0, -1, 1, -1, -1, 2, 1, -1), (1, -2, -1, 1, 0, 2, 0, -1), (2, 1, 2, -1, 0, 2, -1, -2), (-2, -1, 2, -1, 0, 2, -1, -1), (0, 0, -2, 1, 0, 2, -1, 0), (-1, 0, -1, 0, 0, 2, -2, 2)]
0.95: [(0, 0, -1, -2, 1, 1, 2, -1), (-1, -2, 1, 0, 1, 1, -1, -1), (1, -2, 0, 2, 2, 0, 1, 0), (2, 0, 0, 1, 0, 2, 0, 1), (2, -2, -2, -2, 1, 1, -1, -1), (2, 0, -1, 2, 1, 2, 2, 2), (-2, 2, 1, 0, 0, 2, 2, -2), (0, 1, 0, 0, 0, 2, 0, 0), (2, -1, -1, 2, 2, 0, 2, 0), (-2, 0, 2, -1, 0, 2, -1, 1), (-2, -1, -1, 0, 0, 2, -1, 0), (-1, 1, 2, 1, 0, 2, 1, 0), (2, 0, -1, -2, 1, 1, 1, 1)]
0.94: [(0, -2, -1, -2, 2, 0, -1, 0), (2, 1, 2, -1, 2, 0, 0, 1), (1, -1, 2, 0, 1, 2, 0, 1), (2, 1, -2, 2, 0, 2, 2, -1), (2, 0, 0, -2, 1, 1, 1, -2), (1, 0, 0, 2, 2, -1, -1, -1), (1, 0, -1, 1, 1, 1, 2, -1), (2, 0, 0, 0, 1, 2, -1, -2), (2, -2, -2, 0, 0, 2, 2, 0), (-2, 1, 2, -1, 1, 1, -2, -1), (-1, 1, 2, 0, 1, 2, 1, -1), (-1, -2, 1, -1, 0, 1, 2, -1), (-1, 0, 1, 2, 1, 1, -1, -1), (0, -1, -2, -1, 1, 2, -1, 1), (1, 0, 0, 1, 1, 2, 2, 0), (2, 2, -1, -1, 2, 0, 2, -2), (0, 2, 1, 1, 2, -1, 2, 2), (0, 1, 0, 1, 1, 2, 1, 1), (2, 1, 1, 0, 1, 2, 0, -2), (1, 2, -1, -1, 1, 1, -1, 1), (1, -1, 2, -2, 1, 1, -2, -1)]
0.93: [(-2, -2, 2, 0, 0, 1, -2, 1), (2, 2, -1, 1, 2, 0, -1, 2), (1, -1, 1, 2, 2, -1, 0, -1), (2, -1, -2, 2, 2, -1, -2, 0), (-2, -1, -2, 1, 1, 1, 2, 2), (-2, -1, 1, 1, -1, 2, 1, -2), (1, -2, 2, -2, 2, -1, 0, 0), (-2, 1, 1, -1, 2, -1, -2, 2), (1, 1, -1, 2, 0, 2, -2, -1), (0, -1, 1, 2, 2, 0, -2, -1), (-2, 2, 2, 2, -1, 2, -1, -2), (1, 0, -2, 0, -1, 2, 0, 2), (2, 2, 1, -2, 2, -1, -1, 1), (-2, 1, 1, 0, 2, -1, 1, 0)]
0.92: [(-1, 1, -1, 2, 0, 1, -2, 1), (2, 2, -1, 0, 2, 2, 2, 1), (1, -2, -1, -1, -2, 2, -1, 0), (-1, 2, -1, 1, 2, -1, -2, 0), (0, -2, -2, -1, -1, 2, -1, -1), (-1, 0, -2, -1, 1, 2, 0, 1), (-1, 2, 2, 1, 1, 0, 2, -1), (2, 2, 0, 2, 2, 2, 0, -1), (1, -1, 0, 1, 0, 1, -2, -1), (-2, 1, -2, 2, 2, -1, 1, 2), (0, -1, -1, 2, 2, 0, 0, 1), (-2, 0, 0, 2, 0, 1, -2, 2), (-1, -2, -1, -1, 2, -1, -2, 0), (1, -1, -2, -1, 2, 0, -1, 0), (-2, 2, 0, -1, 2, -1, 2, 1), (-1, 0, -1, 2, 1, 0, 2, 1), (-2, 1, 1, 2, 1, 0, -1, 2), (-2, -1, 1, -1, 0, 1, 1, 2), (-1, 0, 1, 2, 1, 2, -1, -1), (-2, 0, -2, -1, 0, 1, 2, -1), (1, 1, 2, 1, -2, 2, 0, -1), (-1, 1, -2, -1, 2, 0, -2, 2)]
0.91: [(2, 1, 1, -2, 2, 0, 2, -1), (-1, 0, 1, -1, -2, 2, 0, 2), (-2, -2, 2, 1, 1, 2, -1, 0), (0, -2, 1, 1, 1, 0, -1, 2), (1, 2, 0, 1, -1, 2, 0, 2), (1, 2, 1, 1, 1, -2, -2, -2), (2, 1, 0, 2, 2, -1, 1, -2), (-1, -2, -1, 2, 1, 0, -1, -2), (1, 2, 2, -2, 0, 1, 1, -1), (0, 2, -2, 1, 2, -1, 2, -1), (2, 0, 0, 2, 2, 1, -1, 1), (-2, 1, -2, -1, 2, -1, 1, 0), (-1, 0, -2, -1, -2, 2, 1, -2), (-1, 1, 2, -1, 2, 0, -1, -1), (-2, 0, 0, 0, 1, 2, -1, -1), (1, 1, 1, 2, 2, 0, 0, 0), (-1, -2, -2, 2, 1, 2, 0, -2), (1, -2, 0, 0, 2, -2, -2, 1), (0, -1, 0, -2, 2, 0, 2, -1), (0, 1, 0, 2, -1, 2, 1, -2), (-1, 0, 0, -1, 1, 1, 2, 2), (1, 0, 2, 0, 2, 1, 1, -1), (-2, 1, 0, -2, 1, 0, 0, 0), (-2, 1, 1, 1, -1, 1, 0, 0), (1, 0, -2, 1, 2, 1, 1, 1), (-1, -1, 2, -1, 0, 1, -1, 2), (-2, -2, 1, 0, -2, 2, 2, -1)]
0.9: [(0, 0, 0, -2, 1, 0, -1, 2), (1, 2, 2, 1, 2, -2, 0, 2), (0, -1, 0, 2, 2, 2, 0, -1), (0, 1, -1, 0, -2, 2, 2, -2), (-1, -2, -2, -2, 2, 0, -2, -1), (1, -2, -2, 2, 1, 0, -2, 0), (-1, 0, 2, 0, 1, 0, 2, 2), (-2, 1, -2, 2, -1, 1, 0, -2), (-2, 2, -2, 2, -1, 1, -1, 1), (0, -1, -1, 2, 2, -1, 2, -1), (1, -1, -1, 0, 0, 1, -2, -1), (0, 2, -1, 2, 0, 1, 1, 0), (2, 1, -2, 1, -1, 0, -1, -1), (-1, 0, 0, 2, 2, -1, 2, -1), (-2, -2, -2, 0, -1, 1, 2, 0), (1, -2, 1, 2, 2, -2, 2, -2), (1, 1, 2, -2, -2, 2, -2, -2), (2, 0, -2, 1, 1, 0, -1, 0), (1, 2, 2, -2, -2, 2, 2, 0), (0, 1, -1, 0, 2, -2, 1, -2), (1, -2, -1, 0, -2, 2, 0, -2), (1, 0, -2, 1, 1, -1, -2, -2), (0, -1, 0, -1, 2, -2, 1, 1), (0, -1, -2, 0, -2, 2, -1, -2), (-1, 2, -2, -2, 1, 0, 1, 2), (2, -2, 2, -1, -2, 2, 2, -1), (-2, -1, -2, 0, 2, -2, 2, 2), (-2, -2, 0, 2, 2, 0, 1, 0), (0, -2, 1, -1, 1, -1, -2, -2), (2, 0, 1, 0, 2, -1, -2, 1), (2, -2, 0, 0, 2, 2, 1, -1), (0, 2, -1, -1, 2, -1, 0, 2)]
0.89: [(1, -1, -2, -1, 2, 2, 2, -2), (-1, -1, -1, -2, -1, 1, 1, 0), (1, 0, 0, 2, 1, -1, -1, 2), (-2, 2, -1, 2, 2, 2, 2, 1), (1, -2, -2, -1, -2, 2, -2, 2), (1, -2, -1, -2, 1, 0, -1, -2), (-1, 0, -1, 1, 0, 0, 1, 1), (2, -2, -2, 1, -1, 1, 2, -1), (-2, 2, 0, 1, 1, -2, -2, 0), (-1, 1, -1, 2, 2, -2, 1, 1), (1, 2, -1, -1, 2, 1, -2, 0), (-2, 1, -2, -2, 1, -1, 0, 2), (2, -2, 1, 2, 2, -2, 0, 1), (0, 1, -1, -2, 1, -2, -1, 0), (0, 1, -1, -2, 1, -2, 0, 0), (1, 0, 2, 2, 1, 0, 1, 1), (-2, -1, 0, 0, -2, 1, -1, -2), (1, 1, 1, 0, 1, -2, 1, -1), (2, 1, -1, 1, -2, 0, -2, -2), (0, -2, 2, 0, 0, 0, 0, -1), (0, 0, 2, 1, 2, -2, -1, 1), (1, -2, -2, -2, -2, 2, -2, 2), (0, 0, 0, 1, 0, 0, 2, 2), (-2, 2, -1, 0, 2, 2, 2, 1), (1, 2, 0, -1, -1, 1, 0, 2), (0, 0, -2, 1, 1, -2, 1, -1), (-2, 0, 2, -1, -2, 2, 1, 2), (1, 1, -1, 0, -1, 0, -2, 2)]
0.88: [(-1, 1, 2, 1, 0, 0, -2, -2), (2, 1, 1, 2, 0, -1, -1, 2), (1, -2, -1, 0, 0, 0, -2, 0), (2, 2, 1, 2, -2, 2, -2, -1), (2, -1, -1, -2, -2, 2, -1, -1), (1, 0, 0, 1, -2, 1, 1, 0), (-1, 2, -1, 0, 0, 0, 2, -1), (2, 0, -2, 0, -1, 1, -2, -1), (0, 1, 1, 2, 2, 2, 0, 1), (-1, 2, -2, 0, -1, 0, -1, -1), (1, 1, 0, -1, 1, 0, 1, 1), (1, 2, -2, -1, -2, 0, -1, -1), (1, 0, 0, -2, 0, 0, 0, -2), (2, -1, -2, -1, 1, -2, -1, -1), (2, 1, -2, 2, -1, 1, -1, 2), (-2, -2, -1, -2, 2, -2, 2, 2), (2, -2, 0, 1, 0, 0, 0, 0), (-1, 1, 0, -1, 0, 0, -1, 0), (-2, -1, -2, 0, 2, 0, 1, 2), (-2, 0, -1, -2, 1, -1, -1, -1), (1, -1, -2, 1, 1, -1, 1, 2), (2, -2, -1, -2, -2, 2, 1, 2), (-2, 1, -1, 1, 1, -2, 0, 1), (-1, 1, -2, 1, -1, 1, 0, 2), (1, -2, 1, 1, -2, 1, -1, 1), (1, -2, 2, 2, -2, 2, 2, -1), (1, -1, 0, -2, -1, 1, 1, -1), (-1, 2, -2, 1, -1, 0, -1, 0), (1, 1, -2, 1, -1, -1, 1, -1)]
0.87: [(-1, 1, 1, -2, 2, 1, 1, -1), (-2, 2, 2, 0, 0, -1, -1, 2), (0, 2, -2, 0, -1, -2, 0, 0), (-1, 2, -2, -1, 0, 0, 1, -2), (0, 2, 2, 2, -1, 1, -1, 2), (2, -1, 2, -1, -2, 1, -1, 2), (0, 2, 1, 1, -2, 1, -1, 0), (1, 1, -2, -2, -1, -2, -2, 2), (-2, 0, 1, -1, 2, 2, 1, -1), (0, -2, -2, 2, 2, 1, 0, -1), (2, 2, 1, -1, 1, 0, 1, 2), (-2, 2, 2, 1, 0, 0, 1, 1), (0, 0, 2, 1, 0, -1, 0, 2), (-1, -1, -2, -1, -2, 1, -2, 2), (-2, -1, -2, -2, 0, 0, 0, -2), (-2, -2, -1, 1, -2, 1, 2, 2), (-1, -2, 2, -2, 0, 0, 2, -2), (0, -1, 2, -1, 1, -1, 0, 0), (-2, 0, -1, 0, 0, -1, -1, 2), (1, -1, -2, 1, 0, -1, 1, 0), (2, -1, 1, -2, -1, 0, 1, -1), (1, 2, -1, 1, 1, -1, 1, 1), (0, -2, 2, 2, 2, 2, 0, 0), (0, 2, 0, 0, -2, 0, 0, 0), (0, 1, 1, 1, -2, 0, 2, -1), (0, 0, 2, 2, 0, 0, -1, -2), (2, 2, -2, 2, -1, -1, 1, -2), (2, -1, 2, 2, -1, 0, 2, -2), (-1, -1, -2, -2, -1, 1, 0, -1), (2, -1, 0, 0, -1, 1, 2, -2), (-1, 1, 0, -2, 2, 1, 2, -1), (2, 0, -1, 2, -1, 0, 2, -1), (-1, -1, 2, 2, 1, -1, 1, 2), (1, 2, -1, -2, -1, -2, -2, 1), (1, -2, -1, -2, -2, 2, 1, -1), (-1, 2, 2, -2, 0, -2, 0, -1)]
0.86: [(-2, -2, -2, -1, -1, -2, -1, 0), (2, -2, 2, 2, 0, 0, 2, -1), (-2, -1, -1, 0, 2, 2, 0, -1), (1, -2, -2, 0, 0, -2, 2, 1), (-2, 2, 0, 0, -1, 0, -2, 1), (2, -1, -1, 2, -1, 1, -1, -2), (2, -1, -1, 1, -1, -2, -1, 1), (-1, -1, 0, -2, 2, 1, -2, 2), (0, 2, 0, -1, 0, -1, 2, 0), (-1, 0, -2, 1, 2, 2, 2, -2), (1, 2, 2, -2, 0, 0, 0, 2), (1, 0, 2, -1, -2, -2, 0, 1), (-1, -1, 1, 2, 2, 2, 1, -1), (0, 0, 0, 0, 0, -2, 1, 2), (0, 2, 2, 0, -2, -1, -2, 0), (-1, 1, 1, -2, -2, 0, -2, -1), (2, -1, -1, -1, -2, -2, -1, 0), (2, 0, -2, -2, -1, -2, 0, -1), (-2, -1, -1, -1, 1, -2, -1, 1), (-1, -1, 0, 0, -2, 1, -2, 2), (1, 0, -1, 0, -1, -2, 1, 1), (0, -2, -2, 2, -1, -2, -1, 2), (0, -2, -1, -2, 1, -2, 2, 0), (1, 1, -2, 0, -1, -1, 0, 2), (2, -1, -2, -2, -2, 1, 2, -2), (0, 0, 2, 2, 2, 2, 0, 2), (2, 2, -2, -2, -2, 1, 1, 1), (2, 1, -2, 0, -1, -2, 0, 1), (1, -1, 0, 2, -1, 0, 2, 1)]
0.85: [(-1, 0, 2, 0, -2, -2, 2, 1), (1, -1, 1, -1, -2, 0, 0, -1), (1, 0, 1, 0, -2, -1, -1, -2), (-2, -1, 0, 2, -1, -1, 2, -1), (2, 2, 0, 0, -1, -1, -1, -1), (2, -1, 1, 2, -1, -1, 1, -1), (-1, -2, 0, 1, -2, 1, -2, 0), (-2, 1, -2, -2, 0, -2, 1, 0), (1, -2, 1, 2, -2, 1, 0, 2), (2, 1, -2, -2, -1, 0, 2, 0), (-2, 0, -2, -2, 0, -1, -2, 0), (2, -2, -2, -1, -2, 0, -1, 2), (-2, -2, 1, -1, 2, 2, 2, -1), (-1, 0, 2, 2, -2, -2, 2, -1), (-2, 1, 1, -2, -1, -2, -2, -2), (0, 2, -1, 1, -2, -2, -2, 0), (-2, 1, 2, 2, 2, 2, -1, 1), (2, 0, 0, 1, -2, -2, 0, -1), (1, 1, 0, 0, -2, 0, 2, -1), (2, 1, 0, 1, -2, -1, 2, -2), (1, 1, -1, -2, -2, -1, 0, -1), (-2, -2, 0, 0, -2, -2, -2, 0), (-2, -1, -2, 0, 2, 1, 2, -2), (2, -2, 0, -1, -1, -1, 1, 0), (0, 2, -1, 0, -1, -1, -2, 1), (0, 1, 0, 1, -2, -2, 0, 2), (-1, -2, 2, 2, -1, 0, 2, -1), (-2, -2, 0, -2, -1, -2, 0, 0), (0, -1, 1, 2, -2, 0, -2, 0), (-2, -2, 1, -1, -2, 1, -1, 2), (0, 2, -2, 1, -1, -2, -2, -1), (1, -2, -2, 2, 0, -2, -1, 0), (0, -1, 1, 2, -1, 0, -1, -2), (2, -1, 2, 0, 0, 0, -2, 2), (-2, 1, 2, -1, 2, 1, -1, 1), (-2, 0, 0, -1, -1, 0, 0, 0)]
0.84: [(1, -1, 2, 0, -1, -2, 2, 1), (-1, -2, -1, 0, 0, -2, -1, 2), (-1, 1, -2, 0, -2, -1, 0, -1), (-2, 1, -1, -2, -1, -1, -2, 2), (-1, -2, -2, 1, 1, -2, 1, -1), (0, 0, 2, 2, -2, -2, 0, -1), (-2, 0, -2, 2, -2, 1, -1, -2), (2, 0, -2, 2, -2, -2, 2, -1), (0, -1, -2, -1, -1, -2, -1, -2), (-1, 0, -2, 0, -1, 0, 0, 1), (0, 0, -1, -2, -2, -1, -2, 1), (-1, -1, 1, -2, -2, 0, -2, 2), (1, -1, 0, -2, -2, -1, 2, -2), (2, -2, -2, -2, -1, -2, 1, 2), (1, 0, -1, -2, -1, -2, -2, 2), (-1, -2, -1, 1, -1, -1, 2, -1), (0, -2, -2, -2, -1, -2, 0, 0), (-1, 0, 2, 0, -1, -1, -1, 2), (1, -1, 0, 1, -2, 0, 2, -1), (-2, 0, -1, -2, 0, -2, 0, 0), (0, 0, -2, 1, -2, -1, -1, -1), (-2, 1, 1, 1, -1, -1, 0, 2), (-1, -1, 0, 0, 1, -2, 1, 2), (-2, -1, -2, 0, -2, -1, -2, 1), (-1, -2, 0, -2, -2, 1, 2, 0), (1, 0, 0, -1, -1, -2, -1, 1), (1, 2, -1, 1, -2, -2, 1, 1), (-1, -1, 1, -1, 0, -2, 1, 1)]
0.83: [(-2, -1, -2, 2, -1, -2, 1, -1), (0, -1, -1, -2, -1, -2, 0, 2), (0, -1, 2, -2, -2, -2, 0, 2), (2, 2, 1, -2, -2, 0, 2, -1), (-1, -1, 1, 1, 0, -1, -1, 2), (-2, -1, 2, 1, -2, -2, -2, -2), (1, -2, -2, -2, -2, -2, -2, 0), (-1, -1, -2, 0, -1, -1, -2, -2), (2, -2, 1, 0, -2, -2, 1, -2), (-2, -1, -1, 0, -2, -2, 1, -2), (-2, -1, 0, 0, -1, -1, -2, 0), (2, 2, -1, 0, -2, -2, 0, 2), (-2, -2, 0, 1, -1, -2, 0, 0), (-2, 1, -1, 1, -2, -1, -2, 2), (0, -2, 0, -2, -2, -1, 0, -1)]
0.81: [(0, -2, -2, -1, -2, -2, -1, 0)]
